183 1274
169 170 171 172 173 174 175 176 177 178 179 180 181 182 
12 25 38 51 64 77 90 103 116 129 142 155 168 182 
6 19 32 45 58 71 84 97 110 123 136 149 162 182 
4 17 30 43 56 69 82 95 108 121 134 147 160 182 
3 16 29 42 55 68 81 94 107 120 133 146 159 182 
18 31 44 57 70 83 96 109 122 135 148 161 182 
2 15 28 41 54 67 80 93 106 119 132 145 158 182 
11 24 37 50 63 76 89 102 115 128 141 154 167 182 
21 34 47 60 73 86 99 112 125 138 151 164 182 
10 23 36 49 62 75 88 101 114 127 140 153 166 182 
9 22 35 48 61 74 87 100 113 126 139 152 165 182 
7 20 33 46 59 72 85 98 111 124 137 150 163 182 
1 14 27 40 53 66 79 92 105 118 131 144 157 182 
156 157 158 159 160 161 162 163 164 165 166 167 168 169 
12 24 36 48 60 72 84 96 108 120 132 144 156 181 
6 25 31 50 56 75 81 100 106 125 131 150 156 180 
4 21 38 42 59 76 80 97 114 118 135 152 156 179 
3 19 35 51 54 70 86 102 105 121 137 153 156 178 
5 23 28 46 64 69 87 92 110 128 133 151 156 177 
2 17 32 47 62 77 79 94 109 124 139 154 156 176 
11 22 33 44 55 66 90 101 112 123 134 145 156 175 
8 16 37 45 53 74 82 103 111 119 140 148 156 174 
10 20 30 40 63 73 83 93 116 126 136 146 156 173 
9 18 27 49 58 67 89 98 107 129 138 147 156 172 
7 14 34 41 61 68 88 95 115 122 142 149 156 171 
1 15 29 43 57 71 85 99 113 127 141 155 156 170 
78 79 80 81 82 83 84 85 86 87 88 89 90 169 
12 23 34 45 56 67 78 102 113 124 135 146 157 175 
6 18 30 42 54 66 78 103 115 127 139 151 163 181 
4 25 33 41 62 70 78 99 107 128 136 144 165 174 
3 22 28 47 53 72 78 97 116 122 141 147 166 180 
5 15 38 48 58 68 78 101 111 121 131 154 164 173 
2 19 36 40 57 74 78 95 112 129 133 150 167 179 
11 20 29 51 60 69 78 100 109 118 140 149 158 172 
8 24 27 43 59 75 78 94 110 126 142 145 161 178 
10 17 37 44 64 71 78 98 105 125 132 152 159 171 
9 14 32 50 55 73 78 96 114 119 137 155 160 177 
7 21 35 49 63 77 78 92 106 120 134 148 162 170 
1 16 31 46 61 76 78 93 108 123 138 153 168 176 
52 53 54 55 56 57 58 59 60 61 62 63 64 169 
12 22 32 42 52 75 85 95 105 128 138 148 158 173 
6 24 29 47 52 70 88 93 111 129 134 152 157 177 
4 16 28 40 52 77 89 101 113 125 137 149 161 181 
3 25 34 52 74 83 92 114 123 132 154 163 172 
5 20 35 50 52 67 82 97 112 127 142 144 159 176 
2 21 27 46 52 71 90 96 115 121 140 146 165 180 
11 18 38 45 52 72 79 99 106 126 133 153 160 171 
8 19 30 41 52 76 87 98 109 120 131 155 166 175 
10 14 31 52 69 86 103 107 124 141 145 162 179 
9 23 37 51 52 66 80 94 108 122 136 150 164 170 
7 15 36 44 52 73 81 102 110 118 139 147 168 174 
1 17 33 49 52 68 84 100 116 119 135 151 167 178 
39 40 41 42 43 44 45 46 47 48 49 50 51 169 
12 21 30 39 61 70 79 101 110 119 141 150 159 172 
6 17 28 39 63 74 85 96 107 118 142 153 164 175 
4 20 36 39 71 87 103 106 122 138 154 157 178 
3 15 27 39 64 76 88 100 112 124 136 148 160 181 
5 25 32 39 59 66 86 93 113 120 140 147 167 171 
2 23 31 39 60 68 89 97 105 126 134 155 163 174 
11 16 34 39 57 75 80 98 116 121 139 144 162 177 
8 14 33 39 58 77 83 102 108 127 133 152 158 180 
10 24 38 39 53 67 81 95 109 123 137 151 165 170 
9 19 29 39 72 82 92 115 125 135 145 168 173 
7 22 37 39 54 69 84 99 114 129 131 146 161 176 
1 18 35 39 56 73 90 94 111 128 132 149 166 179 
66 67 68 69 70 71 72 73 74 75 76 77 169 
12 20 28 49 57 65 86 94 115 123 131 152 160 174 
6 23 27 44 61 65 82 99 116 120 137 154 158 179 
4 24 31 51 58 65 85 92 112 119 139 146 166 171 
3 18 33 48 63 65 80 95 110 125 140 155 157 176 
5 17 29 41 53 65 90 102 114 126 138 150 162 181 
2 25 35 45 55 65 88 98 108 118 141 151 161 173 
11 14 30 46 62 65 81 97 113 129 132 148 164 178 
8 22 36 50 64 65 79 93 107 121 135 149 163 170 
10 21 32 43 54 65 89 100 111 122 133 144 168 175 
9 15 34 40 59 65 84 103 109 128 134 153 159 180 
7 16 38 47 56 65 87 96 105 127 136 145 167 172 
1 19 37 42 60 65 83 101 106 124 142 147 165 177 
26 27 28 29 30 31 32 33 34 35 36 37 38 169 
12 19 26 46 53 73 80 100 107 127 134 154 161 171 
6 16 26 49 59 69 79 102 112 122 132 155 165 173 
4 15 26 50 61 72 83 94 105 129 140 151 162 175 
3 21 26 44 62 67 85 103 108 126 131 149 167 177 
5 22 26 43 60 77 81 98 115 119 136 153 157 179 
2 14 26 51 63 75 87 99 111 123 135 147 159 181 
11 25 26 40 54 68 82 96 110 124 138 152 166 170 
8 17 26 48 57 66 88 97 106 128 137 146 168 172 
10 18 26 47 55 76 84 92 113 121 142 150 158 174 
9 24 26 41 56 71 86 101 116 118 133 148 163 176 
7 23 26 42 58 74 90 93 109 125 141 144 160 178 
1 20 26 45 64 70 89 95 114 120 139 145 164 180 
143 144 145 146 147 148 149 150 151 152 153 154 155 169 
12 18 37 43 62 68 87 93 112 118 137 143 162 180 
6 22 38 41 57 73 89 92 108 124 140 143 159 178 
4 19 34 49 64 66 81 96 111 126 141 143 158 176 
3 24 32 40 61 69 90 98 106 127 135 143 164 174 
5 14 36 45 54 76 85 94 116 125 134 143 165 172 
2 16 30 44 58 72 86 100 114 128 142 143 157 170 
11 23 35 47 59 71 83 95 107 119 131 143 168 181 
8 25 29 46 63 67 84 101 105 122 139 143 160 179 
10 15 33 51 56 74 79 97 115 120 138 143 161 177 
9 20 31 42 53 77 88 99 110 121 132 143 167 175 
7 17 27 50 60 70 80 103 113 123 133 143 166 173 
1 21 28 48 55 75 82 102 109 129 136 143 163 171 
105 106 107 108 109 110 111 112 113 114 115 116 169 
12 17 35 40 58 76 81 99 104 122 140 145 163 177 
6 15 37 46 55 77 86 95 104 126 135 144 166 172 
4 23 29 48 54 73 79 98 104 123 142 148 167 180 
3 14 38 49 60 71 82 93 104 128 139 150 161 175 
5 19 33 47 61 75 89 103 104 118 132 146 160 170 
2 18 34 50 53 69 85 101 104 120 136 152 168 178 
11 21 31 41 64 74 84 94 104 127 137 147 157 173 
8 20 32 44 56 68 80 92 104 129 141 153 165 181 
10 25 27 42 57 72 87 102 104 119 134 149 164 176 
9 16 36 43 63 70 90 97 104 124 131 151 158 171 
7 24 28 45 62 66 83 100 104 121 138 155 159 179 
1 22 30 51 59 67 88 96 104 125 133 154 162 174 
130 131 132 133 134 135 136 137 138 139 140 141 142 169 
12 16 33 50 54 71 88 92 109 126 130 147 164 179 
6 21 36 51 53 68 83 98 113 128 130 145 160 176 
4 14 37 47 57 67 90 100 110 130 153 163 173 
3 17 31 45 59 73 87 101 115 129 130 144 158 170 
5 24 30 49 55 74 80 99 105 124 130 149 168 180 
2 20 38 43 61 66 84 102 107 125 130 148 166 177 
11 19 27 48 56 77 85 93 114 122 130 151 159 174 
8 15 35 42 62 69 89 96 116 123 130 150 157 171 
10 22 34 46 58 70 82 94 106 118 130 155 167 181 
9 25 28 44 60 76 79 95 111 130 146 162 178 
7 18 29 40 64 75 86 97 108 119 130 154 165 175 
1 23 32 41 63 72 81 103 112 121 130 152 161 172 
117 118 119 120 121 122 123 124 125 126 127 128 129 169 
12 15 31 47 63 66 82 98 114 117 133 149 165 178 
6 14 35 43 64 72 80 101 109 117 138 146 167 174 
4 18 32 46 60 74 88 102 116 117 131 145 159 170 
3 20 37 41 58 75 79 96 113 117 151 168 179 
5 16 27 51 62 73 84 95 106 117 141 152 163 175 
2 22 29 49 56 76 83 103 110 117 137 144 164 171 
11 17 36 42 61 67 86 92 111 117 136 155 161 180 
8 23 38 40 55 70 85 100 115 117 132 147 162 176 
10 19 28 50 59 68 90 99 108 117 148 157 172 
9 21 33 45 57 69 81 93 105 117 142 154 166 181 
7 25 30 48 53 71 89 94 112 117 135 153 158 177 
1 24 34 44 54 77 87 97 107 117 140 150 160 173 
91 92 93 94 95 96 97 98 99 100 101 102 103 169 
12 14 29 44 59 74 89 91 106 121 136 151 166 176 
6 20 34 48 62 76 90 91 105 119 133 147 161 170 
4 22 27 45 63 68 86 91 109 127 132 150 168 177 
3 23 30 50 57 77 84 91 111 118 138 145 165 171 
5 21 37 40 56 72 88 91 107 123 139 155 158 178 
2 24 33 42 64 73 82 91 113 122 131 153 162 172 
11 15 32 49 53 70 87 91 108 125 142 146 163 179 
8 18 28 51 61 71 81 91 114 124 134 144 167 173 
10 16 35 41 60 66 85 91 110 129 135 154 160 180 
9 17 38 46 54 75 83 91 112 120 141 149 157 174 
7 19 31 43 55 67 79 91 116 128 140 152 164 181 
1 25 36 47 58 69 80 91 115 126 137 148 159 175 
13 14 15 16 17 18 19 20 21 22 23 24 25 169 
12 13 27 41 55 69 83 97 111 125 139 153 167 170 
6 13 33 40 60 67 87 94 114 121 141 148 168 171 
4 13 35 44 53 75 84 93 115 124 133 155 164 172 
3 13 36 46 56 66 89 99 109 119 142 152 162 173 
5 13 34 42 63 71 79 100 108 129 137 145 166 174 
2 13 37 48 59 70 81 92 116 127 138 149 160 175 
11 13 28 43 58 73 88 103 105 120 135 150 165 176 
8 13 31 49 54 72 90 95 113 118 136 154 159 177 
10 13 29 45 61 77 80 96 112 128 131 147 163 178 
9 13 30 47 64 68 85 102 106 123 140 144 161 179 
7 13 32 51 57 76 82 101 107 126 132 151 157 180 
1 13 38 50 62 74 86 98 110 122 134 146 158 181 
0 13 26 39 52 65 78 91 104 117 130 143 156 182 
0 25 37 49 61 73 85 97 109 121 133 145 157 181 
0 24 35 46 57 68 79 103 114 125 136 147 158 175 
0 23 33 43 53 76 86 96 106 129 139 149 159 173 
0 22 31 40 62 71 80 102 111 120 142 151 160 172 
0 21 29 50 58 66 87 95 116 124 132 153 161 
0 20 27 47 54 74 81 101 108 128 135 155 162 171 
0 19 38 44 63 69 88 94 113 119 138 144 163 180 
0 18 36 41 59 77 82 100 105 123 141 146 164 
0 17 34 51 55 72 89 93 110 127 131 148 165 179 
0 16 32 48 64 67 83 99 115 118 134 150 166 178 
0 15 30 45 60 75 90 92 107 122 137 152 167 176 
0 14 28 42 56 70 84 98 112 126 140 154 168 170 
0 1 2 3 4 5 6 7 8 9 10 11 12 169 
